-20.63 -64.84 34.0 28 2.15
80.04 -0.77 29.0 28 2.15
-19.39 65.22 31.0 28 2.15
-105.06 1.15 33.0 28 2.15
-20.63 -64.84 34.0 28 2.15
80.04 -0.77 29.0 28 2.15
-19.39 65.22 31.0 28 2.15
-105.06 1.15 33.0 28 2.15
0.0 0.0 24.0 16 3.85
1.45 151.07 25.0 16 3.85
-1.45 -151.07 31.0 16 3.85
150.79 73.6 21.0 16 3.85
149.35 -76.48 26.0 16 3.85
152.38 238.67 24.0 16 3.85
147.77 -241.55 30.0 16 3.85
313.15 -3.0 19.0 16 3.85
-150.79 -73.59 28.0 16 3.85
-149.35 76.48 28.0 16 3.85
-152.38 -238.67 38.5 16 3.85
-147.77 241.55 27.0 16 3.85
-314.7 -159.07 35.0 16 3.85
-311.59 165.08 30.5 16 3.85
199.09 -1.91 16.25 5.6 4.45
-230.11 2.21 22.75 5.6 4.45
-252.24 -322.76 40.75 5.6 4.45
-246.0 327.55 17.25 5.6 4.45
-254.66 -574.88 54.25 5.6 4.45
-243.58 579.66 8.25 5.6 4.45
-227.76 -795.27 68.25 5.6 4.45
-212.45 799.49 10.25 5.6 4.45
-4.79 -499.24 39.75 5.6 4.45
4.79 499.24 11.75 5.6 4.45
-7.19 -749.36 62.25 5.6 4.45
7.19 749.35 12.75 5.6 4.45
246.0 -327.55 27.25 5.6 4.45
252.24 322.76 16.75 5.6 4.45
243.58 -579.66 41.25 5.6 4.45
254.66 574.88 17.75 5.6 4.45
212.45 -799.49 56.25 5.6 4.45
227.75 795.26 25.25 5.6 4.45
-500.49 -125.27 31.25 5.6 4.45
-497.99 134.85 28.25 5.6 4.45
-504.03 -494.45 59.25 5.6 4.45
-494.44 504.03 10.25 5.6 4.45
-473.94 -799.91 76.25 5.6 4.45
-458.5 808.85 17.25 5.6 4.45
497.99 -134.85 12.25 5.6 4.45
500.48 125.27 9.25 5.6 4.45
494.45 -504.03 30.25 5.6 4.45
504.03 494.45 10.25 5.6 4.45
458.5 -808.86 54.25 5.6 4.45
473.94 799.91 37.25 5.6 4.45
-791.38 7.59 30.25 5.6 4.45
-744.83 374.36 17.25 5.6 4.45
-751.88 -359.99 54.25 5.6 4.45
-811.16 656.15 10.25 5.6 4.45
-823.61 -640.46 74.25 5.6 4.45
790.38 -7.58 4.25 5.6 4.45
744.83 -374.36 15.25 5.6 4.45
0.0 0.0 24.0 16 3.85
1.45 151.07 25.0 16 3.85
-1.45 -151.07 31.0 16 3.85
150.79 73.6 21.0 16 3.85
149.35 -76.48 26.0 16 3.85
152.38 238.67 24.0 16 3.85
147.77 -241.55 30.0 16 3.85
313.15 -3.0 19.0 16 3.85
-150.79 -73.59 28.0 16 3.85
-149.35 76.48 28.0 16 3.85
-152.38 -238.67 38.5 16 3.85
-147.77 241.55 27.0 16 3.85
-314.7 -159.07 35.0 16 3.85
-311.59 165.08 30.5 16 3.85
